              precision    recall  f1-score   support

           0       0.96      0.97      0.96       986
           1       0.95      0.98      0.97      1125
           2       0.91      0.93      0.92       999
           3       0.91      0.92      0.92      1020
           4       0.92      0.94      0.93       975
           5       0.91      0.92      0.91       902
           6       0.99      0.90      0.94       982
           7       0.96      0.93      0.95      1042
           8       0.91      0.91      0.91       975
           9       0.92      0.91      0.92       994

    accuracy                           0.93     10000
   macro avg       0.93      0.93      0.93     10000
weighted avg       0.93      0.93      0.93     10000
